Nombre d'etudiant : 3
arthur : 13.000000 18.000000 14.000000 11.000000
azerty: 12.000000 32.000000 4.000000 67.000000
YOUSEF: 18.000000 12.000000 53.000000 10.000000
